1.0
1.0
3.584962500721156
1.0
2.0
1.0
1.584962500721156
1.584962500721156
1.0
1.0
1.584962500721156
1.584962500721156
1.584962500721156
1.0
2.321928094887362
1.0
1.0
1.0
1.0
1.584962500721156
2.584962500721156
1.584962500721156
1.0
1.0
2.584962500721156
1.0
1.0
2.584962500721156
1.0
1.0
2.321928094887362
2.807354922057604
2.321928094887362
1.584962500721156
10.870364719583405
1.0
1.584962500721156
2.584962500721156
1.584962500721156
1.0
2.807354922057604
1.0
2.807354922057604
1.0
1.0
1.0
1.584962500721156
1.0
1.0
3.169925001442312
1.0
1.0
3.584962500721156
1.0
1.0
2.807354922057604
1.0
1.0
1.0
1.584962500721156
2.0
1.0
2.0
1.584962500721156
1.584962500721156
2.807354922057604
2.0
10.900112062977456
1.584962500721156
2.321928094887362
2.321928094887362
1.0
1.584962500721156
1.0
1.584962500721156
1.0
2.0
2.0
1.0
1.0
1.584962500721156
3.169925001442312
1.0
2.0
1.0
1.0
1.584962500721156
2.0
1.0
2.0
1.0
1.0
1.0
1.0
1.584962500721156
1.0
2.321928094887362
1.0
2.584962500721156
1.0
2.0
1.0
1.0
1.0
1.0
2.807354922057604
2.0
1.584962500721156
1.584962500721156
1.0
1.0
1.584962500721156
1.0
1.584962500721156
1.0
2.0
1.0
1.0
2.0
1.584962500721156
1.0
1.584962500721156
1.584962500721156
1.0
2.321928094887362
1.584962500721156
4.0
1.0
1.584962500721156
1.0
1.0
1.584962500721156
7.864186144654281
1.0
1.0
1.0
1.0
1.0
1.0
1.0
1.0
1.584962500721156
1.584962500721156
1.0
1.0
1.584962500721156
1.0
2.584962500721156
1.0
1.0
1.584962500721156
1.0
1.0
1.0
1.0
1.0
1.584962500721156
1.0
1.0
3.584962500721156
1.584962500721156
2.321928094887362
10.167418145831737
1.584962500721156
1.0
1.0
1.0
1.0
2.321928094887362
1.0
1.584962500721156
2.0
1.0
2.807354922057604
1.0
1.584962500721156
1.0
1.0
1.0
3.807354922057604
1.0
1.0
1.0
1.0
1.0
1.0
1.0
2.0
1.0
1.0
1.584962500721156
2.0
1.584962500721156
1.0
1.0
1.0
1.0
1.0
2.0
1.0
2.321928094887362
1.584962500721156
1.584962500721156
8.326429487122303
1.0
1.0
1.0
1.584962500721156
1.0
1.0
1.0
1.584962500721156
1.0
1.0
1.0
1.584962500721156
1.0
1.0
1.0
1.0
1.0
1.0
3.9068905956085187
1.0
1.584962500721156
1.0
1.0
1.0
1.584962500721156
2.321928094887362
1.0
1.584962500721156
2.321928094887362
2.807354922057604
4.087462841250339
1.0
2.0
1.0
1.0
4.523561956057013
1.584962500721156
3.321928094887362
1.0
1.0
1.0
1.0
1.0
1.0
2.321928094887362
1.0
1.0
1.584962500721156
2.0
1.0
1.584962500721156
2.584962500721156
1.0
1.0
2.807354922057604
1.0
2.807354922057604
1.0
1.0
1.0
1.0
1.0
1.584962500721156
1.0
1.0
3.9068905956085187
1.0
1.0
1.0
1.584962500721156
1.0
1.0
1.0
1.0
1.0
1.0
1.584962500721156
2.321928094887362
1.0
1.0
1.0
1.0
1.0
1.0
1.0
3.169925001442312
1.0
1.0
3.169925001442312
3.0
3.807354922057604
2.0
1.0
1.0
1.0
1.0
1.584962500721156
1.0
1.584962500721156
2.0
1.0
1.0
2.584962500721156
3.169925001442312
1.0
1.0
1.584962500721156
2.0
1.0
4.087462841250339
2.0
3.169925001442312
10.363039630256514
1.584962500721156
2.321928094887362
1.0
1.0
1.584962500721156
2.321928094887362
1.0
1.0
2.321928094887362
1.0
2.0
1.0
1.0
1.0
2.584962500721156
2.0
2.0
1.0
2.321928094887362
1.0
1.0
1.0
1.0
3.169925001442312
1.0
1.0
1.0
1.0
3.807354922057604
3.321928094887362
1.0
1.584962500721156
1.0
1.0
2.584962500721156
1.0
2.0
4.857980995127572
1.0
1.584962500721156
1.0
1.0
1.584962500721156
3.584962500721156
1.0
2.321928094887362
1.584962500721156
1.0
1.584962500721156
2.321928094887362
3.0
1.0
2.0
1.0
1.0
2.0
3.169925001442312
1.0
1.0
1.0
1.0
3.169925001442312
1.0
1.0
1.584962500721156
1.0
2.584962500721156
1.0
1.584962500721156
1.0
1.0
1.0
1.0
1.0
5.0
1.0
1.0
1.0
1.0
2.321928094887362
1.0
1.0
1.0
1.0
1.0
1.584962500721156
1.584962500721156
1.0
2.584962500721156
2.0
1.0
1.0
2.807354922057604
1.0
3.169925001442312
1.0
1.0
3.169925001442312
1.0
1.0
2.807354922057604
1.584962500721156
1.0
3.0
1.0
3.321928094887362
1.0
1.584962500721156
2.321928094887362
1.0
3.321928094887362
2.321928094887362
1.0
1.584962500721156
2.0
1.0
3.169925001442312
1.584962500721156
1.0
3.700439718141092
2.0
1.584962500721156
3.169925001442312
4.807354922057604
2.584962500721156
2.321928094887362
12.208539206738363
1.0
2.0
2.321928094887362
1.584962500721156
1.0
3.321928094887362
2.0
1.0
1.0
1.584962500721156
1.0
1.0
1.0
1.0
1.0
1.0
1.0
1.0
2.0
2.0
1.0
1.0
1.584962500721156
1.0
1.584962500721156
1.584962500721156
1.584962500721156
8.686500527183219
1.584962500721156
1.584962500721156
1.584962500721156
1.0
1.0
1.0
1.0
1.0
3.4594316186372973
1.0
1.0
4.392317422778761
1.0
1.0
1.584962500721156
2.0
1.0
1.0
3.0
1.0
1.0
2.0
3.169925001442312
1.0
3.169925001442312
1.0
1.0
1.0
1.584962500721156
1.0
1.0
1.0
1.0
1.584962500721156
1.0
1.0
1.0
3.0
1.0
1.0
1.0
1.0
1.0
2.321928094887362
1.584962500721156
1.0
1.0
2.584962500721156
2.321928094887362
2.321928094887362
1.584962500721156
1.584962500721156
2.0
1.0
1.0
2.321928094887362
1.0
2.321928094887362
1.0
1.0
1.0
1.584962500721156
1.584962500721156
1.0
1.0
10.363039630256514
1.0
1.0
2.321928094887362
1.0
1.0
1.0
1.0
1.0
1.0
1.584962500721156
1.0
1.0
1.0
1.0
1.584962500721156
1.584962500721156
1.584962500721156
1.0
1.0
1.0
1.0
2.807354922057604
1.0
1.0
3.0
1.0
1.0
1.0
2.0
1.0
1.584962500721156
1.0
1.0
4.087462841250339
1.0
1.0
1.584962500721156
2.0
1.584962500721156
1.0
1.584962500721156
1.0
1.0
1.0
1.0
1.0
1.0
2.321928094887362
2.584962500721156
1.584962500721156
2.321928094887362
1.0
1.0
2.807354922057604
1.0
2.0
1.0
3.4594316186372973
2.584962500721156
3.321928094887362
1.0
1.0
3.807354922057604
1.584962500721156
2.0
2.0
3.4594316186372973
1.0
1.0
2.321928094887362
1.0
2.0
4.087462841250339
2.584962500721156
3.321928094887362
1.0
11.77272694923985
1.584962500721156
2.0
1.584962500721156
3.700439718141092
1.0
1.0
1.0
2.0
1.0
1.584962500721156
1.0
3.807354922057604
1.0
1.0
2.0
1.0
3.0
1.0
1.0
1.0
1.0
1.0
2.0
1.0
1.0
1.0
1.0
1.0
1.584962500721156
1.584962500721156
2.321928094887362
2.321928094887362
1.0
3.169925001442312
2.0
2.0
1.0
2.321928094887362
1.584962500721156
1.0
3.321928094887362
1.0
1.0
1.0
1.584962500721156
1.0
10.478769619475763
1.0
2.321928094887362
2.0
2.0
1.584962500721156
2.0
1.584962500721156
1.584962500721156
1.0
1.0
1.0
3.584962500721156
1.0
1.0
1.0
2.807354922057604
3.4594316186372973
1.0
1.0
1.0
1.0
1.584962500721156
1.584962500721156
1.584962500721156
1.0
3.0
1.0
1.0
1.0
1.0
1.0
1.0
1.584962500721156
3.0
2.584962500721156
2.0
10.413627929024173
2.584962500721156
1.584962500721156
1.0
1.0
1.0
1.0
1.584962500721156
1.584962500721156
1.0
1.0
1.0
1.0
1.0
1.0
2.584962500721156
3.4594316186372973
1.0
1.0
2.0
1.0
3.584962500721156
1.584962500721156
1.0
1.584962500721156
1.0
1.0
1.0
2.0
2.0
3.169925001442312
3.321928094887362
2.0
11.278449458220482
1.0
3.321928094887362
3.0
1.584962500721156
1.584962500721156
1.584962500721156
2.584962500721156
1.584962500721156
1.0
2.584962500721156
1.0
3.700439718141092
1.0
2.584962500721156
1.584962500721156
1.0
1.0
1.584962500721156
1.0
1.0
1.584962500721156
1.584962500721156
1.0
1.0
1.0
1.584962500721156
1.0
1.0
1.0
1.0
1.0
1.584962500721156
9.18239435340453
2.0
1.0
2.321928094887362
1.0
1.0
1.0
1.0
1.0
1.0
1.0
3.0
1.0
1.0
1.0
1.0
1.0
1.0
2.0
1.0
1.0
1.0
1.0
1.0
1.0
1.0
1.0
1.0
2.321928094887362
2.0
1.0
1.0
5.554588851677638
1.0
1.0
1.0
1.0
1.0
1.0
3.169925001442312
1.0
1.0
1.584962500721156
1.0
3.807354922057604
3.584962500721156
1.0
1.0
1.0
1.0
2.0
2.321928094887362
2.0
2.321928094887362
1.584962500721156
1.0
1.0
1.0
1.0
2.0
1.0
1.0
1.584962500721156
2.0
1.0
1.0
1.0
2.807354922057604
1.0
1.0
9.73640193131829
3.169925001442312
1.0
1.0
1.0
1.584962500721156
1.0
1.0
2.0
2.0
2.321928094887362
1.0
1.0
1.584962500721156
1.584962500721156
1.584962500721156
2.584962500721156
1.0
1.584962500721156
2.321928094887362
2.0
1.0
1.0
1.584962500721156
2.0
2.0
1.0
1.584962500721156
3.700439718141092
2.0
1.584962500721156
1.584962500721156
11.014020470314934
1.0
2.321928094887362
2.584962500721156
1.0
1.584962500721156
1.0
2.0
1.0
1.0
2.584962500721156
1.0
5.491853096329675
1.0
1.0
1.0
3.9068905956085187
