1.0
1.0
2.0
1.0
1.0
1.0
1.0
1.584962500721156
1.0
1.0
1.584962500721156
1.0
8.276124405274238
1.0
1.584962500721156
1.0
1.0
1.584962500721156
1.0
1.0
1.584962500721156
1.584962500721156
1.0
1.0
1.0
1.0
1.0
1.0
1.584962500721156
1.584962500721156
8.164906926675688
1.584962500721156
1.0
1.0
1.0
1.0
1.0
2.0
1.0
1.0
1.0
1.0
1.0
1.0
1.0
1.0
1.0
1.0
1.584962500721156
1.0
1.0
1.0
1.0
1.0
1.0
1.0
1.0
1.0
2.321928094887362
1.0
1.0
1.0
1.0
1.584962500721156
1.0
1.0
1.0
1.0
7.066089190457772
1.0
1.0
1.0
1.584962500721156
1.0
1.0
1.584962500721156
1.0
1.0
1.0
1.0
1.0
1.0
1.0
1.0
1.584962500721156
1.0
6.087462841250339
1.0
1.0
2.321928094887362
1.584962500721156
1.0
2.0
1.0
1.584962500721156
2.0
1.0
1.0
1.0
1.0
1.0
2.0
1.0
1.0
1.0
1.584962500721156
7.169925001442312
1.584962500721156
1.0
1.0
1.0
1.0
1.0
1.0
1.0
1.0
1.0
1.0
1.0
1.0
2.584962500721156
1.0
1.0
1.0
1.0
1.584962500721156
1.0
1.584962500721156
1.584962500721156
1.584962500721156
1.584962500721156
2.321928094887362
1.0
1.0
1.584962500721156
8.794415866350105
1.0
1.0
1.0
1.0
1.0
1.0
1.0
1.0
2.0
1.0
1.584962500721156
1.0
1.0
1.0
1.0
1.0
1.0
1.0
1.0
1.0
1.0
2.0
1.0
1.0
1.584962500721156
1.0
1.0
1.0
1.0
1.0
1.0
1.0
1.0
1.0
1.0
1.0
8.149747119504681
1.0
1.584962500721156
1.0
1.0
1.0
1.584962500721156
2.0
1.0
2.321928094887362
1.0
1.0
1.0
1.0
1.0
1.0
1.0
1.584962500721156
1.0
1.0
1.0
1.0
1.0
1.0
1.0
1.0
1.0
1.0
1.0
1.0
2.0
1.0
1.584962500721156
1.0
1.0
1.584962500721156
1.0
1.584962500721156
1.0
7.924812503605781
1.0
1.0
1.584962500721156
1.0
1.584962500721156
1.0
1.0
1.0
1.0
1.0
1.0
1.0
1.0
1.0
1.0
1.0
1.0
1.0
2.321928094887362
1.0
1.0
1.0
7.199672344836364
1.584962500721156
1.0
1.0
1.0
2.0
1.0
1.584962500721156
1.0
7.954196310386875
1.0
1.0
1.0
1.0
1.584962500721156
1.0
1.584962500721156
1.0
1.0
1.0
1.0
1.0
1.0
1.0
1.0
1.584962500721156
7.087462841250339
1.0
2.0
1.0
1.0
1.0
1.0
1.0
1.0
1.584962500721156
1.0
1.0
1.0
1.0
1.0
1.584962500721156
1.0
1.0
1.0
1.0
2.0
1.0
1.584962500721156
1.584962500721156
1.0
1.0
1.0
1.0
7.6293566200796095
1.0
1.0
1.0
1.0
1.584962500721156
3.321928094887362
1.0
1.584962500721156
